[5 4 11 3 8 13 6 2 7 9 1 10 12]
[5 1 11 3 4 10 6 2 13 8 7 12 9]
[8 1 2 6 11 10 3 9 13 12 4 7 5]
[5 6 3 2 4 7 10 1 9 8 11 12 13]
[5 1 11 9 8 13 6 2 7 3 4 12 10]
[5 1 11 9 8 13 6 2 7 3 4 12 10]
[13 4 11 3 1 2 9 12 5 8 7 6 10]
[5 7 12 2 8 10 4 11 1 13 3 9 6]
[7 9 3 12 2 6 10 5 11 13 4 1 8]
[11 13 6 3 9 1 7 12 2 10 8 4 5]
[13 10 6 4 2 12 9 3 11 1 5 8 7]
[8 9 6 11 3 2 4 5 13 10 1 7 12]
[6 11 10 1 12 7 5 3 13 8 4 9 2]
[1 11 10 4 13 6 8 12 2 3 5 9 7]
[4 7 13 1 12 3 11 10 6 5 8 9 2]
[8 2 4 6 12 1 9 11 7 13 3 5 10]
[12 8 11 6 10 1 4 3 2 9 13 7 5]
[3 9 1 6 10 13 7 8 4 5 2 12 11]
[8 7 3 2 1 5 9 11 10 12 13 6 4]
[7 13 10 9 4 2 8 5 6 1 11 12 3]
[8 7 13 2 10 3 5 9 6 12 1 4 11]
[6 8 5 2 1 13 4 12 10 3 7 11 9]
[7 1 6 4 2 9 12 10 3 5 8 11 13]
[12 9 11 5 1 10 7 3 8 13 6 2 4]
[12 13 5 11 8 6 4 1 7 9 10 2 3]
