[4 12 7 5 1 6 3 10 9 8 2 13 11]
[11 2 6 13 1 9 3 10 12 7 5 4 8]
[1 11 4 10 13 12 9 8 2 6 3 5 7]
[5 3 1 9 10 6 7 13 12 4 2 8 11]
[10 2 4 9 3 5 11 13 7 12 8 6 1]
[13 3 1 7 4 12 5 10 11 2 8 9 6]
[3 2 6 4 1 11 9 8 7 12 5 10 13]
[5 6 8 13 1 11 12 7 9 10 2 3 4]
[8 9 13 12 1 11 3 4 5 2 7 6 10]
[4 6 10 11 3 5 8 2 13 12 9 7 1]
[3 11 13 1 5 7 8 2 4 12 9 6 10]
[4 1 2 10 3 6 8 7 12 5 9 13 11]
[12 9 6 1 11 8 7 3 4 10 13 2 5]
[8 1 7 2 9 3 4 11 12 10 13 6 5]
[8 5 2 10 3 9 6 7 1 4 13 11 12]
[7 12 11 2 8 1 5 10 4 3 6 13 9]
[12 8 6 9 2 13 5 11 10 1 4 7 3]
[6 4 12 7 13 9 8 11 3 5 1 2 10]
[11 13 8 2 3 12 10 7 1 4 9 5 6]
[13 8 2 11 1 4 7 10 9 12 6 5 3]
